P1	41 2 4 6 
P1	75 0 1 3 5 
P2	0 4 6 1 
P2	24 0 2 3 5 
P3	478 1 3 5 
P3	540 0 2 4 6 
P4	464 1 3 5 
P4	509 0 2 4 6 
P5	281 7 2 4 
P5	342 0 1 3 5 6 
P6	491 7 2 4 
P6	533 0 1 3 5 6 
P7	327 5 0 2 
P7	418 1 3 4 6 
P8	104 4 6 1 
P8	157 0 2 3 5 
P9	292 7 2 4 
P9	313 0 1 3 5 6 
P10	216 7 2 4 
P10	311 0 1 3 5 6 
P11	447 6 1 3 
P11	518 0 2 4 5 
P12	38 1 3 5 
P12	50 0 2 4 6 
P13	167 1 3 5 
P13	202 0 2 4 6 
P14	394 4 6 1 
P14	405 0 2 3 5 
P15	322 3 5 0 
P15	395 1 2 4 6 
P16	164 1 3 5 
P16	175 0 2 4 6 
P17	253 2 4 6 
P17	300 0 1 3 5 
P18	144 1 3 5 
P18	201 0 2 4 6 
P19	37 1 3 5 
P19	60 0 2 4 6 
P20	241 6 1 3 
P20	319 0 2 4 5 
P21	316 5 0 2 
P21	406 1 3 4 6 
P22	342 2 4 6 
P22	348 0 1 3 5 
P23	40 4 6 1 
P23	104 0 2 3 5 
P24	148 7 2 4 
P24	153 0 1 3 5 6 
P25	390 3 5 0 
P25	460 1 2 4 6 
P26	350 6 1 3 
P26	351 0 2 4 5 
P27	393 7 2 4 
P27	422 0 1 3 5 6 
P28	123 5 0 2 
P28	177 1 3 4 6 
P29	256 4 6 1 
P29	322 0 2 3 5 
P30	376 2 4 6 
P30	384 0 1 3 5 
P31	444 2 4 6 
P31	470 0 1 3 5 
P32	323 1 3 5 
P32	361 0 2 4 6 
P33	118 4 6 1 
P33	147 0 2 3 5 
P34	41 4 6 1 
P34	56 0 2 3 5 
P35	139 7 2 4 
P35	143 0 1 3 5 6 
P36	430 6 1 3 
P36	436 0 2 4 5 
P37	173 1 3 5 
P37	194 0 2 4 6 
P38	245 3 5 0 
P38	317 1 2 4 6 
P39	270 6 1 3 
P39	347 0 2 4 5 
P40	73 2 4 6 
P40	85 0 1 3 5 
P41	486 5 0 2 
P41	547 1 3 4 6 
P42	136 5 0 2 
P42	203 1 3 4 6 
P43	155 7 2 4 
P43	186 0 1 3 5 6 
P44	52 2 4 6 
P44	102 0 1 3 5 
P45	441 4 6 1 
P45	507 0 2 3 5 
P46	430 7 2 4 
P46	521 0 1 3 5 6 
P47	7 5 0 2 
P47	64 1 3 4 6 
P48	287 6 1 3 
P48	370 0 2 4 5 
P49	445 6 1 3 
P49	454 0 2 4 5 
P50	258 2 4 6 
P50	346 0 1 3 5 
P51	422 6 1 3 
P51	428 0 2 4 5 
P52	30 6 1 3 
P52	98 0 2 4 5 
P53	400 7 2 4 
P53	462 0 1 3 5 6 
P54	155 2 4 6 
P54	214 0 1 3 5 
P55	124 7 2 4 
P55	172 0 1 3 5 6 
P56	483 2 4 6 
P56	524 0 1 3 5 
P57	102 5 0 2 
P57	193 1 3 4 6 
P58	336 2 4 6 
P58	356 0 1 3 5 
P59	96 5 0 2 
P59	144 1 3 4 6 
P60	199 6 1 3 
P60	283 0 2 4 5 
P61	281 3 5 0 
P61	334 1 2 4 6 
P62	499 1 3 5 
P62	537 0 2 4 6 
P63	400 2 4 6 
P63	427 0 1 3 5 
P64	467 5 0 2 
P64	560 1 3 4 6 
P65	148 7 2 4 
P65	155 0 1 3 5 6 
P66	421 3 5 0 
P66	438 1 2 4 6 
P67	313 2 4 6 
P67	322 0 1 3 5 
P68	116 1 3 5 
P68	167 0 2 4 6 
P69	100 7 2 4 
P69	119 0 1 3 5 6 
P70	56 7 2 4 
P70	59 0 1 3 5 6 
P71	224 5 0 2 
P71	268 1 3 4 6 
P72	109 3 5 0 
P72	111 1 2 4 6 
P73	195 4 6 1 
P73	288 0 2 3 5 
P74	343 4 6 1 
P74	430 0 2 3 5 
P75	314 5 0 2 
P75	362 1 3 4 6 
P76	200 5 0 2 
P76	218 1 3 4 6 
P77	80 1 3 5 
P77	178 0 2 4 6 
P78	281 4 6 1 
P78	379 0 2 3 5 
P79	9 5 0 2 
P79	81 1 3 4 6 
P80	122 3 5 0 
P80	214 1 2 4 6 
P81	38 2 4 6 
P81	128 0 1 3 5 
P82	157 7 2 4 
P82	248 0 1 3 5 6 
P83	315 6 1 3 
P83	371 0 2 4 5 
P84	11 5 0 2 
P84	45 1 3 4 6 
P85	272 1 3 5 
P85	300 0 2 4 6 
P86	146 1 3 5 
P86	232 0 2 4 6 
P87	375 7 2 4 
P87	444 0 1 3 5 6 
P88	142 3 5 0 
P88	158 1 2 4 6 
P89	381 2 4 6 
P89	403 0 1 3 5 
P90	151 5 0 2 
P90	250 1 3 4 6 
P91	57 1 3 5 
P91	149 0 2 4 6 
P92	389 1 3 5 
P92	401 0 2 4 6 
P93	100 5 0 2 
P93	103 1 3 4 6 
P94	369 5 0 2 
P94	457 1 3 4 6 
P95	401 4 6 1 
P95	456 0 2 3 5 
P96	423 5 0 2 
P96	508 1 3 4 6 
P97	182 3 5 0 
P97	270 1 2 4 6 
P98	426 2 4 6 
P98	483 0 1 3 5 
P99	332 7 2 4 
P99	401 0 1 3 5 6 
P100	154 4 6 1 
P100	243 0 2 3 5 
P101	476 5 0 2 
P101	544 1 3 4 6 
P102	192 6 1 3 
P102	247 0 2 4 5 
P103	434 2 4 6 
P103	475 0 1 3 5 
P104	12 4 6 1 
P104	72 0 2 3 5 
P105	218 2 4 6 
P105	257 0 1 3 5 
P106	423 5 0 2 
P106	519 1 3 4 6 
P107	187 7 2 4 
P107	236 0 1 3 5 6 
P108	437 1 3 5 
P108	486 0 2 4 6 
P109	193 5 0 2 
P109	290 1 3 4 6 
P110	416 7 2 4 
P110	421 0 1 3 5 6 
P111	488 1 3 5 
P111	543 0 2 4 6 
P112	234 6 1 3 
P112	235 0 2 4 5 
P113	316 1 3 5 
P113	402 0 2 4 6 
P114	263 2 4 6 
P114	318 0 1 3 5 
P115	185 6 1 3 
P115	197 0 2 4 5 
P116	308 6 1 3 
P116	353 0 2 4 5 
P117	313 2 4 6 
P117	334 0 1 3 5 
P118	58 1 3 5 
P118	140 0 2 4 6 
P119	481 1 3 5 
P119	577 0 2 4 6 
P120	222 4 6 1 
P120	283 0 2 3 5 
P121	35 4 6 1 
P121	108 0 2 3 5 
P122	466 5 0 2 
P122	525 1 3 4 6 
P123	292 1 3 5 
P123	345 0 2 4 6 
P124	24 3 5 0 
P124	34 1 2 4 6 
P125	245 7 2 4 
P125	331 0 1 3 5 6 
P126	313 2 4 6 
P126	335 0 1 3 5 
P127	168 5 0 2 
P127	255 1 3 4 6 
P128	405 4 6 1 
P128	496 0 2 3 5 
P129	202 7 2 4 
P129	279 0 1 3 5 6 
P130	414 5 0 2 
P130	438 1 3 4 6 
P131	334 3 5 0 
P131	406 1 2 4 6 
P132	159 4 6 1 
P132	229 0 2 3 5 
P133	487 4 6 1 
P133	505 0 2 3 5 
P134	177 1 3 5 
P134	247 0 2 4 6 
P135	263 2 4 6 
P135	355 0 1 3 5 
P136	485 2 4 6 
P136	565 0 1 3 5 
P137	213 5 0 2 
P137	215 1 3 4 6 
P138	99 1 3 5 
P138	124 0 2 4 6 
P139	43 7 2 4 
P139	66 0 1 3 5 6 
P140	472 7 2 4 
P140	553 0 1 3 5 6 
P141	3 7 2 4 
P141	8 0 1 3 5 6 
P142	93 4 6 1 
P142	124 0 2 3 5 
P143	492 3 5 0 
P143	514 1 2 4 6 
P144	286 3 5 0 
P144	286 1 2 4 6 
P145	187 3 5 0 
P145	200 1 2 4 6 
P146	474 5 0 2 
P146	544 1 3 4 6 
P147	235 6 1 3 
P147	246 0 2 4 5 
P148	260 4 6 1 
P148	327 0 2 3 5 
P149	285 7 2 4 
P149	325 0 1 3 5 6 
P150	194 1 3 5 
P150	218 0 2 4 6 
P151	19 5 0 2 
P151	95 1 3 4 6 
P152	194 7 2 4 
P152	196 0 1 3 5 6 
P153	371 4 6 1 
P153	449 0 2 3 5 
P154	93 3 5 0 
P154	177 1 2 4 6 
P155	18 3 5 0 
P155	37 1 2 4 6 
P156	152 1 3 5 
P156	239 0 2 4 6 
P157	60 2 4 6 
P157	70 0 1 3 5 
P158	257 6 1 3 
P158	272 0 2 4 5 
P159	76 2 4 6 
P159	119 0 1 3 5 
P160	258 4 6 1 
P160	267 0 2 3 5 
P161	382 7 2 4 
P161	447 0 1 3 5 6 
P162	487 3 5 0 
P162	561 1 2 4 6 
P163	125 1 3 5 
P163	154 0 2 4 6 
P164	428 7 2 4 
P164	448 0 1 3 5 6 
P165	402 4 6 1 
P165	425 0 2 3 5 
P166	96 7 2 4 
P166	157 0 1 3 5 6 
P167	195 4 6 1 
P167	259 0 2 3 5 
P168	260 1 3 5 
P168	276 0 2 4 6 
P169	30 6 1 3 
P169	41 0 2 4 5 
P170	271 7 2 4 
P170	318 0 1 3 5 6 
P171	153 3 5 0 
P171	243 1 2 4 6 
P172	424 5 0 2 
P172	487 1 3 4 6 
P173	440 6 1 3 
P173	502 0 2 4 5 
P174	329 3 5 0 
P174	342 1 2 4 6 
P175	458 2 4 6 
P175	523 0 1 3 5 
P176	7 5 0 2 
P176	7 1 3 4 6 
P177	58 7 2 4 
P177	61 0 1 3 5 6 
P178	260 3 5 0 
P178	284 1 2 4 6 
P179	477 6 1 3 
P179	490 0 2 4 5 
P180	387 6 1 3 
P180	437 0 2 4 5 
P181	460 1 3 5 
P181	553 0 2 4 6 
P182	384 2 4 6 
P182	424 0 1 3 5 
P183	111 5 0 2 
P183	146 1 3 4 6 
P184	356 4 6 1 
P184	406 0 2 3 5 
P185	323 3 5 0 
P185	379 1 2 4 6 
P186	216 3 5 0 
P186	273 1 2 4 6 
P187	26 2 4 6 
P187	63 0 1 3 5 
P188	271 7 2 4 
P188	332 0 1 3 5 6 
P189	396 3 5 0 
P189	413 1 2 4 6 
P190	112 6 1 3 
P190	208 0 2 4 5 
P191	85 4 6 1 
P191	108 0 2 3 5 
P192	129 3 5 0 
P192	194 1 2 4 6 
P193	59 1 3 5 
P193	155 0 2 4 6 
P194	355 7 2 4 
P194	417 0 1 3 5 6 
P195	84 6 1 3 
P195	138 0 2 4 5 
P196	472 3 5 0 
P196	541 1 2 4 6 
P197	32 3 5 0 
P197	39 1 2 4 6 
P198	483 2 4 6 
P198	518 0 1 3 5 
P199	67 1 3 5 
P199	142 0 2 4 6 
P200	438 5 0 2 
P200	480 1 3 4 6 
P201	254 2 4 6 
P201	295 0 1 3 5 
P202	175 5 0 2 
P202	200 1 3 4 6 
P203	221 7 2 4 
P203	247 0 1 3 5 6 
P204	434 2 4 6 
P204	517 0 1 3 5 
P205	350 4 6 1 
P205	429 0 2 3 5 
P206	201 7 2 4 
P206	235 0 1 3 5 6 
P207	137 5 0 2 
P207	193 1 3 4 6 
P208	493 6 1 3 
P208	498 0 2 4 5 
P209	462 7 2 4 
P209	543 0 1 3 5 6 
P210	300 1 3 5 
P210	341 0 2 4 6 
P211	355 6 1 3 
P211	397 0 2 4 5 
P212	462 4 6 1 
P212	539 0 2 3 5 
P213	424 3 5 0 
P213	476 1 2 4 6 
P214	443 3 5 0 
P214	516 1 2 4 6 
P215	40 4 6 1 
P215	115 0 2 3 5 
P216	72 2 4 6 
P216	82 0 1 3 5 
P217	17 2 4 6 
P217	29 0 1 3 5 
P218	195 3 5 0 
P218	226 1 2 4 6 
P219	40 1 3 5 
P219	125 0 2 4 6 
P220	90 3 5 0 
P220	179 1 2 4 6 
P221	490 5 0 2 
P221	543 1 3 4 6 
P222	314 4 6 1 
P222	354 0 2 3 5 
P223	44 3 5 0 
P223	79 1 2 4 6 
P224	259 7 2 4 
P224	264 0 1 3 5 6 
P225	264 2 4 6 
P225	267 0 1 3 5 
P226	329 4 6 1 
P226	337 0 2 3 5 
P227	292 6 1 3 
P227	341 0 2 4 5 
P228	56 5 0 2 
P228	83 1 3 4 6 
P229	467 2 4 6 
P229	496 0 1 3 5 
P230	240 3 5 0 
P230	314 1 2 4 6 
P231	101 2 4 6 
P231	116 0 1 3 5 
P232	183 3 5 0 
P232	275 1 2 4 6 
P233	324 2 4 6 
P233	416 0 1 3 5 
P234	259 4 6 1 
P234	287 0 2 3 5 
P235	27 4 6 1 
P235	102 0 2 3 5 
P236	286 1 3 5 
P236	356 0 2 4 6 
P237	287 6 1 3 
P237	291 0 2 4 5 
P238	3 5 0 2 
P238	66 1 3 4 6 
P239	206 5 0 2 
P239	216 1 3 4 6 
P240	171 1 3 5 
P240	211 0 2 4 6 
P241	164 7 2 4 
P241	183 0 1 3 5 6 
P242	413 4 6 1 
P242	417 0 2 3 5 
P243	318 7 2 4 
P243	368 0 1 3 5 6 
P244	205 6 1 3 
P244	244 0 2 4 5 
P245	303 6 1 3 
P245	401 0 2 4 5 
P246	247 5 0 2 
P246	295 1 3 4 6 
P247	471 1 3 5 
P247	484 0 2 4 6 
P248	75 7 2 4 
P248	87 0 1 3 5 6 
P249	46 3 5 0 
P249	115 1 2 4 6 
P250	262 1 3 5 
P250	347 0 2 4 6 
P251	289 6 1 3 
P251	354 0 2 4 5 
P252	40 6 1 3 
P252	48 0 2 4 5 
P253	318 4 6 1 
P253	319 0 2 3 5 
P254	323 7 2 4 
P254	395 0 1 3 5 6 
P255	152 7 2 4 
P255	222 0 1 3 5 6 
P256	263 5 0 2 
P256	266 1 3 4 6 
P257	423 7 2 4 
P257	423 0 1 3 5 6 
P258	469 2 4 6 
P258	534 0 1 3 5 
P259	28 5 0 2 
P259	75 1 3 4 6 
P260	88 4 6 1 
P260	125 0 2 3 5 
P261	409 4 6 1 
P261	458 0 2 3 5 
P262	181 7 2 4 
P262	223 0 1 3 5 6 
P263	108 1 3 5 
P263	129 0 2 4 6 
P264	258 2 4 6 
P264	346 0 1 3 5 
P265	146 5 0 2 
P265	195 1 3 4 6 
P266	343 4 6 1 
P266	363 0 2 3 5 
P267	248 6 1 3 
P267	284 0 2 4 5 
P268	283 4 6 1 
P268	309 0 2 3 5 
P269	185 4 6 1 
P269	238 0 2 3 5 
P270	129 4 6 1 
P270	177 0 2 3 5 
P271	423 7 2 4 
P271	480 0 1 3 5 6 
P272	266 3 5 0 
P272	321 1 2 4 6 
P273	318 2 4 6 
P273	329 0 1 3 5 
P274	25 7 2 4 
P274	26 0 1 3 5 6 
P275	49 5 0 2 
P275	133 1 3 4 6 
P276	15 3 5 0 
P276	57 1 2 4 6 
P277	75 1 3 5 
P277	117 0 2 4 6 
P278	196 4 6 1 
P278	268 0 2 3 5 
P279	426 5 0 2 
P279	499 1 3 4 6 
P280	429 2 4 6 
P280	434 0 1 3 5 
P281	126 7 2 4 
P281	201 0 1 3 5 6 
P282	93 4 6 1 
P282	129 0 2 3 5 
P283	236 1 3 5 
P283	250 0 2 4 6 
P284	494 4 6 1 
P284	546 0 2 3 5 
P285	436 4 6 1 
P285	518 0 2 3 5 
P286	355 2 4 6 
P286	386 0 1 3 5 
P287	230 6 1 3 
P287	255 0 2 4 5 
P288	11 4 6 1 
P288	97 0 2 3 5 
P289	190 6 1 3 
P289	252 0 2 4 5 
P290	134 2 4 6 
P290	187 0 1 3 5 
P291	416 6 1 3 
P291	424 0 2 4 5 
P292	262 2 4 6 
P292	316 0 1 3 5 
P293	303 3 5 0 
P293	306 1 2 4 6 
P294	256 2 4 6 
P294	280 0 1 3 5 
P295	317 7 2 4 
P295	326 0 1 3 5 6 
P296	28 4 6 1 
P296	108 0 2 3 5 
P297	318 3 5 0 
P297	368 1 2 4 6 
P298	155 2 4 6 
P298	219 0 1 3 5 
P299	403 2 4 6 
P299	446 0 1 3 5 
P300	409 7 2 4 
P300	470 0 1 3 5 6 
P301	489 1 3 5 
P301	571 0 2 4 6 
P302	153 1 3 5 
P302	173 0 2 4 6 
P303	402 1 3 5 
P303	433 0 2 4 6 
P304	369 1 3 5 
P304	428 0 2 4 6 
P305	8 3 5 0 
P305	79 1 2 4 6 
P306	3 1 3 5 
P306	84 0 2 4 6 
P307	4 3 5 0 
P307	89 1 2 4 6 
P308	313 7 2 4 
P308	402 0 1 3 5 6 
P309	222 3 5 0 
P309	259 1 2 4 6 
P310	410 4 6 1 
P310	444 0 2 3 5 
P311	8 1 3 5 
P311	67 0 2 4 6 
P312	493 4 6 1 
P312	562 0 2 3 5 
P313	437 2 4 6 
P313	495 0 1 3 5 
P314	200 7 2 4 
P314	264 0 1 3 5 6 
P315	117 4 6 1 
P315	172 0 2 3 5 
P316	315 5 0 2 
P316	354 1 3 4 6 
P317	212 1 3 5 
P317	294 0 2 4 6 
P318	454 7 2 4 
P318	464 0 1 3 5 6 
P319	484 2 4 6 
P319	564 0 1 3 5 
P320	315 3 5 0 
P320	356 1 2 4 6 
P321	115 7 2 4 
P321	125 0 1 3 5 6 
P322	398 2 4 6 
P322	486 0 1 3 5 
P323	477 3 5 0 
P323	533 1 2 4 6 
P324	189 4 6 1 
P324	197 0 2 3 5 
P325	441 6 1 3 
P325	464 0 2 4 5 
P326	363 1 3 5 
P326	447 0 2 4 6 
P327	278 5 0 2 
P327	349 1 3 4 6 
P328	385 2 4 6 
P328	456 0 1 3 5 
P329	333 6 1 3 
P329	386 0 2 4 5 
P330	295 4 6 1 
P330	320 0 2 3 5 
P331	176 6 1 3 
P331	226 0 2 4 5 
P332	98 6 1 3 
P332	191 0 2 4 5 
P333	186 2 4 6 
P333	202 0 1 3 5 
P334	249 5 0 2 
P334	277 1 3 4 6 
P335	179 4 6 1 
P335	200 0 2 3 5 
P336	405 7 2 4 
P336	421 0 1 3 5 6 
P337	16 7 2 4 
P337	82 0 1 3 5 6 
P338	87 4 6 1 
P338	151 0 2 3 5 
P339	340 3 5 0 
P339	361 1 2 4 6 
P340	162 1 3 5 
P340	226 0 2 4 6 
P341	309 4 6 1 
P341	311 0 2 3 5 
P342	373 3 5 0 
P342	414 1 2 4 6 
P343	245 4 6 1 
P343	268 0 2 3 5 
P344	31 5 0 2 
P344	99 1 3 4 6 
P345	318 3 5 0 
P345	325 1 2 4 6 
P346	307 4 6 1 
P346	319 0 2 3 5 
P347	136 3 5 0 
P347	150 1 2 4 6 
P348	309 4 6 1 
P348	365 0 2 3 5 
P349	290 7 2 4 
P349	386 0 1 3 5 6 
P350	152 5 0 2 
P350	197 1 3 4 6 
P351	208 4 6 1 
P351	299 0 2 3 5 
P352	212 1 3 5 
P352	226 0 2 4 6 
P353	439 7 2 4 
P353	461 0 1 3 5 6 
P354	204 3 5 0 
P354	256 1 2 4 6 
P355	269 4 6 1 
P355	307 0 2 3 5 
P356	423 3 5 0 
P356	489 1 2 4 6 
P357	159 5 0 2 
P357	245 1 3 4 6 
P358	196 1 3 5 
P358	229 0 2 4 6 
P359	158 4 6 1 
P359	204 0 2 3 5 
P360	392 4 6 1 
P360	417 0 2 3 5 
P361	147 3 5 0 
P361	149 1 2 4 6 
P362	307 4 6 1 
P362	337 0 2 3 5 
P363	292 6 1 3 
P363	370 0 2 4 5 
P364	299 6 1 3 
P364	347 0 2 4 5 
P365	382 2 4 6 
P365	397 0 1 3 5 
P366	75 6 1 3 
P366	142 0 2 4 5 
P367	336 2 4 6 
P367	354 0 1 3 5 
P368	397 6 1 3 
P368	448 0 2 4 5 
P369	316 4 6 1 
P369	365 0 2 3 5 
P370	425 1 3 5 
P370	454 0 2 4 6 
P371	20 7 2 4 
P371	80 0 1 3 5 6 
P372	147 5 0 2 
P372	202 1 3 4 6 
P373	175 2 4 6 
P373	236 0 1 3 5 
P374	254 5 0 2 
P374	300 1 3 4 6 
P375	214 4 6 1 
P375	302 0 2 3 5 
P376	69 1 3 5 
P376	132 0 2 4 6 
P377	75 2 4 6 
P377	96 0 1 3 5 
P378	475 6 1 3 
P378	503 0 2 4 5 
P379	234 6 1 3 
P379	239 0 2 4 5 
P380	464 7 2 4 
P380	526 0 1 3 5 6 
P381	161 5 0 2 
P381	210 1 3 4 6 
P382	469 2 4 6 
P382	492 0 1 3 5 
P383	350 5 0 2 
P383	375 1 3 4 6 
P384	410 5 0 2 
P384	446 1 3 4 6 
P385	337 5 0 2 
P385	430 1 3 4 6 
P386	136 6 1 3 
P386	200 0 2 4 5 
P387	91 7 2 4 
P387	126 0 1 3 5 6 
P388	5 3 5 0 
P388	9 1 2 4 6 
P389	337 6 1 3 
P389	401 0 2 4 5 
P390	470 3 5 0 
P390	538 1 2 4 6 
P391	281 2 4 6 
P391	333 0 1 3 5 
P392	373 2 4 6 
P392	467 0 1 3 5 
P393	376 6 1 3 
P393	472 0 2 4 5 
P394	72 6 1 3 
P394	112 0 2 4 5 
P395	174 4 6 1 
P395	217 0 2 3 5 
P396	111 3 5 0 
P396	200 1 2 4 6 
P397	419 1 3 5 
P397	424 0 2 4 6 
P398	85 5 0 2 
P398	135 1 3 4 6 
P399	115 6 1 3 
P399	179 0 2 4 5 
P400	166 3 5 0 
P400	240 1 2 4 6 
P401	9 5 0 2 
P401	104 1 3 4 6 
P402	73 1 3 5 
P402	134 0 2 4 6 
P403	172 7 2 4 
P403	230 0 1 3 5 6 
P404	31 5 0 2 
P404	57 1 3 4 6 
P405	10 7 2 4 
P405	84 0 1 3 5 6 
P406	279 6 1 3 
P406	331 0 2 4 5 
P407	182 3 5 0 
P407	277 1 2 4 6 
P408	264 7 2 4 
P408	328 0 1 3 5 6 
P409	402 4 6 1 
P409	462 0 2 3 5 
P410	474 1 3 5 
P410	495 0 2 4 6 
P411	122 5 0 2 
P411	199 1 3 4 6 
P412	289 7 2 4 
P412	384 0 1 3 5 6 
P413	94 6 1 3 
P413	137 0 2 4 5 
P414	254 4 6 1 
P414	266 0 2 3 5 
P415	172 4 6 1 
P415	200 0 2 3 5 
P416	412 5 0 2 
P416	479 1 3 4 6 
P417	408 6 1 3 
P417	416 0 2 4 5 
P418	223 7 2 4 
P418	257 0 1 3 5 6 
P419	204 3 5 0 
P419	223 1 2 4 6 
P420	458 3 5 0 
P420	464 1 2 4 6 
P421	166 4 6 1 
P421	233 0 2 3 5 
P422	192 4 6 1 
P422	224 0 2 3 5 
P423	56 7 2 4 
P423	103 0 1 3 5 6 
P424	21 7 2 4 
P424	43 0 1 3 5 6 
P425	331 4 6 1 
P425	414 0 2 3 5 
P426	448 5 0 2 
P426	530 1 3 4 6 
P427	18 7 2 4 
P427	38 0 1 3 5 6 
P428	111 4 6 1 
P428	167 0 2 3 5 
P429	490 1 3 5 
P429	514 0 2 4 6 
P430	486 1 3 5 
P430	555 0 2 4 6 
P431	143 3 5 0 
P431	220 1 2 4 6 
P432	168 3 5 0 
P432	259 1 2 4 6 
P433	196 7 2 4 
P433	224 0 1 3 5 6 
P434	227 6 1 3 
P434	298 0 2 4 5 
P435	197 1 3 5 
P435	200 0 2 4 6 
P436	27 6 1 3 
P436	72 0 2 4 5 
P437	8 4 6 1 
P437	46 0 2 3 5 
P438	237 5 0 2 
P438	250 1 3 4 6 
P439	1 3 5 0 
P439	29 1 2 4 6 
P440	111 5 0 2 
P440	160 1 3 4 6 
P441	192 6 1 3 
P441	261 0 2 4 5 
P442	181 5 0 2 
P442	248 1 3 4 6 
P443	213 5 0 2 
P443	247 1 3 4 6 
P444	472 1 3 5 
P444	502 0 2 4 6 
P445	401 2 4 6 
P445	478 0 1 3 5 
P446	377 4 6 1 
P446	379 0 2 3 5 
P447	364 3 5 0 
P447	454 1 2 4 6 
P448	323 5 0 2 
P448	346 1 3 4 6 
P449	179 6 1 3 
P449	248 0 2 4 5 
P450	327 3 5 0 
P450	337 1 2 4 6 
P451	182 6 1 3 
P451	208 0 2 4 5 
P452	487 5 0 2 
P452	515 1 3 4 6 
P453	151 5 0 2 
P453	164 1 3 4 6 
P454	360 3 5 0 
P454	446 1 2 4 6 
P455	242 1 3 5 
P455	314 0 2 4 6 
P456	128 4 6 1 
P456	169 0 2 3 5 
P457	218 4 6 1 
P457	285 0 2 3 5 
P458	365 5 0 2 
P458	446 1 3 4 6 
P459	257 1 3 5 
P459	271 0 2 4 6 
P460	98 4 6 1 
P460	159 0 2 3 5 
P461	63 4 6 1 
P461	70 0 2 3 5 
P462	278 2 4 6 
P462	313 0 1 3 5 
P463	365 2 4 6 
P463	451 0 1 3 5 
P464	386 1 3 5 
P464	446 0 2 4 6 
P465	330 2 4 6 
P465	358 0 1 3 5 
P466	492 2 4 6 
P466	532 0 1 3 5 
P467	266 7 2 4 
P467	276 0 1 3 5 6 
P468	99 1 3 5 
P468	191 0 2 4 6 
P469	482 7 2 4 
P469	534 0 1 3 5 6 
P470	369 4 6 1 
P470	463 0 2 3 5 
P471	108 6 1 3 
P471	155 0 2 4 5 
P472	432 2 4 6 
P472	440 0 1 3 5 
P473	264 5 0 2 
P473	307 1 3 4 6 
P474	149 1 3 5 
P474	190 0 2 4 6 
P475	189 1 3 5 
P475	201 0 2 4 6 
P476	148 4 6 1 
P476	199 0 2 3 5 
P477	474 4 6 1 
P477	565 0 2 3 5 
P478	200 3 5 0 
P478	290 1 2 4 6 
P479	197 6 1 3 
P479	277 0 2 4 5 
P480	78 3 5 0 
P480	122 1 2 4 6 
P481	340 6 1 3 
P481	439 0 2 4 5 
P482	25 7 2 4 
P482	63 0 1 3 5 6 
P483	492 6 1 3 
P483	544 0 2 4 5 
P484	11 7 2 4 
P484	45 0 1 3 5 6 
P485	340 5 0 2 
P485	425 1 3 4 6 
P486	29 6 1 3 
P486	34 0 2 4 5 
P487	291 2 4 6 
P487	301 0 1 3 5 
P488	49 5 0 2 
P488	128 1 3 4 6 
P489	471 3 5 0 
P489	544 1 2 4 6 
P490	193 4 6 1 
P490	290 0 2 3 5 
P491	326 1 3 5 
P491	416 0 2 4 6 
P492	82 6 1 3 
P492	141 0 2 4 5 
P493	418 2 4 6 
P493	477 0 1 3 5 
P494	449 3 5 0 
P494	521 1 2 4 6 
P495	380 3 5 0 
P495	447 1 2 4 6 
P496	208 3 5 0 
P496	211 1 2 4 6 
P497	370 2 4 6 
P497	466 0 1 3 5 
P498	74 3 5 0 
P498	85 1 2 4 6 
P499	19 6 1 3 
P499	75 0 2 4 5 
P500	390 7 2 4 
P500	473 0 1 3 5 6 
P501	216 4 6 1 
P501	268 0 2 3 5 
P502	241 6 1 3 
P502	254 0 2 4 5 
P503	362 2 4 6 
P503	422 0 1 3 5 
P504	115 6 1 3 
P504	214 0 2 4 5 
P505	136 5 0 2 
P505	234 1 3 4 6 
P506	32 3 5 0 
P506	116 1 2 4 6 
P507	240 4 6 1 
P507	246 0 2 3 5 
P508	170 4 6 1 
P508	252 0 2 3 5 
P509	249 3 5 0 
P509	307 1 2 4 6 
P510	105 5 0 2 
P510	200 1 3 4 6 
P511	296 5 0 2 
P511	374 1 3 4 6 
P512	178 7 2 4 
P512	236 0 1 3 5 6 
P513	77 4 6 1 
P513	84 0 2 3 5 
P514	229 2 4 6 
P514	324 0 1 3 5 
P515	178 2 4 6 
P515	231 0 1 3 5 
P516	399 4 6 1 
P516	464 0 2 3 5 
P517	93 1 3 5 
P517	165 0 2 4 6 
P518	243 5 0 2 
P518	257 1 3 4 6 
P519	168 2 4 6 
P519	259 0 1 3 5 
P520	473 5 0 2 
P520	521 1 3 4 6 
P521	151 4 6 1 
P521	195 0 2 3 5 
P522	446 1 3 5 
P522	463 0 2 4 6 
P523	129 6 1 3 
P523	203 0 2 4 5 
P524	291 7 2 4 
P524	303 0 1 3 5 6 
P525	146 6 1 3 
P525	237 0 2 4 5 
P526	315 7 2 4 
P526	372 0 1 3 5 6 
P527	140 6 1 3 
P527	176 0 2 4 5 
P528	51 3 5 0 
P528	77 1 2 4 6 
P529	162 2 4 6 
P529	245 0 1 3 5 
P530	394 4 6 1 
P530	491 0 2 3 5 
P531	65 4 6 1 
P531	78 0 2 3 5 
P532	261 7 2 4 
P532	339 0 1 3 5 6 
P533	378 1 3 5 
P533	389 0 2 4 6 
P534	447 3 5 0 
P534	517 1 2 4 6 
P535	475 1 3 5 
P535	525 0 2 4 6 
P536	149 2 4 6 
P536	214 0 1 3 5 
P537	214 7 2 4 
P537	221 0 1 3 5 6 
P538	432 7 2 4 
P538	499 0 1 3 5 6 
P539	22 4 6 1 
P539	32 0 2 3 5 
P540	141 1 3 5 
P540	228 0 2 4 6 
P541	205 5 0 2 
P541	226 1 3 4 6 
P542	38 6 1 3 
P542	85 0 2 4 5 
P543	208 1 3 5 
P543	284 0 2 4 6 
P544	259 6 1 3 
P544	281 0 2 4 5 
P545	166 3 5 0 
P545	221 1 2 4 6 
P546	28 5 0 2 
P546	88 1 3 4 6 
P547	253 4 6 1 
P547	301 0 2 3 5 
P548	3 5 0 2 
P548	34 1 3 4 6 
P549	82 3 5 0 
P549	179 1 2 4 6 
P550	106 3 5 0 
P550	127 1 2 4 6 
P551	296 4 6 1 
P551	317 0 2 3 5 
P552	455 2 4 6 
P552	479 0 1 3 5 
P553	318 1 3 5 
P553	394 0 2 4 6 
P554	274 5 0 2 
P554	372 1 3 4 6 
P555	74 7 2 4 
P555	96 0 1 3 5 6 
P556	135 6 1 3 
P556	223 0 2 4 5 
P557	153 3 5 0 
P557	200 1 2 4 6 
P558	180 5 0 2 
P558	258 1 3 4 6 
P559	450 4 6 1 
P559	511 0 2 3 5 
P560	199 3 5 0 
P560	262 1 2 4 6 
P561	216 4 6 1 
P561	277 0 2 3 5 
P562	245 6 1 3 
P562	319 0 2 4 5 
P563	50 1 3 5 
P563	131 0 2 4 6 
P564	287 5 0 2 
P564	297 1 3 4 6 
P565	143 1 3 5 
P565	215 0 2 4 6 
P566	29 7 2 4 
P566	41 0 1 3 5 6 
P567	476 7 2 4 
P567	523 0 1 3 5 6 
P568	390 5 0 2 
P568	395 1 3 4 6 
P569	372 3 5 0 
P569	461 1 2 4 6 
P570	320 3 5 0 
P570	351 1 2 4 6 
P571	158 3 5 0 
P571	164 1 2 4 6 
P572	78 2 4 6 
P572	84 0 1 3 5 
P573	171 2 4 6 
P573	267 0 1 3 5 
P574	197 4 6 1 
P574	291 0 2 3 5 
P575	29 5 0 2 
P575	38 1 3 4 6 
P576	484 7 2 4 
P576	562 0 1 3 5 6 
P577	117 5 0 2 
P577	143 1 3 4 6 
P578	184 6 1 3 
P578	190 0 2 4 5 
P579	428 2 4 6 
P579	446 0 1 3 5 
P580	390 3 5 0 
P580	475 1 2 4 6 
P581	486 6 1 3 
P581	506 0 2 4 5 
P582	210 2 4 6 
P582	223 0 1 3 5 
P583	415 3 5 0 
P583	433 1 2 4 6 
P584	80 2 4 6 
P584	147 0 1 3 5 
P585	387 5 0 2 
P585	473 1 3 4 6 
P586	7 7 2 4 
P586	34 0 1 3 5 6 
P587	74 7 2 4 
P587	126 0 1 3 5 6 
P588	271 7 2 4 
P588	364 0 1 3 5 6 
P589	385 2 4 6 
P589	396 0 1 3 5 
P590	104 1 3 5 
P590	110 0 2 4 6 
P591	268 1 3 5 
P591	281 0 2 4 6 
P592	0 4 6 1 
P592	37 0 2 3 5 
P593	38 4 6 1 
P593	93 0 2 3 5 
P594	289 1 3 5 
P594	370 0 2 4 6 
P595	93 2 4 6 
P595	180 0 1 3 5 
P596	261 5 0 2 
P596	278 1 3 4 6 
P597	1 4 6 1 
P597	48 0 2 3 5 
P598	165 2 4 6 
P598	169 0 1 3 5 
P599	84 7 2 4 
P599	109 0 1 3 5 6 
P600	221 3 5 0 
P600	302 1 2 4 6 
P601	372 1 3 5 
P601	428 0 2 4 6 
P602	343 5 0 2 
P602	423 1 3 4 6 
P603	80 1 3 5 
P603	91 0 2 4 6 
P604	213 4 6 1 
P604	264 0 2 3 5 
P605	216 5 0 2 
P605	284 1 3 4 6 
P606	40 4 6 1 
P606	73 0 2 3 5 
P607	279 7 2 4 
P607	338 0 1 3 5 6 
P608	153 7 2 4 
P608	248 0 1 3 5 6 
P609	365 3 5 0 
P609	385 1 2 4 6 
P610	335 5 0 2 
P610	411 1 3 4 6 
P611	455 7 2 4 
P611	526 0 1 3 5 6 
P612	308 1 3 5 
P612	364 0 2 4 6 
P613	102 4 6 1 
P613	107 0 2 3 5 
P614	440 5 0 2 
P614	502 1 3 4 6 
P615	385 4 6 1 
P615	465 0 2 3 5 
P616	336 4 6 1 
P616	338 0 2 3 5 
P617	8 1 3 5 
P617	48 0 2 4 6 
P618	76 1 3 5 
P618	169 0 2 4 6 
P619	240 7 2 4 
P619	314 0 1 3 5 6 
P620	273 2 4 6 
P620	353 0 1 3 5 
P621	335 6 1 3 
P621	335 0 2 4 5 
P622	207 3 5 0 
P622	273 1 2 4 6 
P623	141 6 1 3 
P623	222 0 2 4 5 
P624	168 1 3 5 
P624	264 0 2 4 6 
P625	225 2 4 6 
P625	237 0 1 3 5 
P626	136 4 6 1 
P626	198 0 2 3 5 
P627	43 1 3 5 
P627	64 0 2 4 6 
P628	422 6 1 3 
P628	470 0 2 4 5 
P629	18 6 1 3 
P629	35 0 2 4 5 
P630	214 4 6 1 
P630	304 0 2 3 5 
P631	335 6 1 3 
P631	404 0 2 4 5 
P632	395 5 0 2 
P632	435 1 3 4 6 
P633	479 1 3 5 
P633	484 0 2 4 6 
P634	291 7 2 4 
P634	372 0 1 3 5 6 
P635	152 4 6 1 
P635	185 0 2 3 5 
P636	29 7 2 4 
P636	71 0 1 3 5 6 
P637	253 1 3 5 
P637	273 0 2 4 6 
P638	314 1 3 5 
P638	358 0 2 4 6 
P639	63 6 1 3 
P639	115 0 2 4 5 
P640	364 3 5 0 
P640	434 1 2 4 6 
P641	5 6 1 3 
P641	99 0 2 4 5 
P642	487 2 4 6 
P642	563 0 1 3 5 
P643	323 3 5 0 
P643	402 1 2 4 6 
P644	490 4 6 1 
P644	500 0 2 3 5 
P645	271 5 0 2 
P645	292 1 3 4 6 
P646	470 3 5 0 
P646	559 1 2 4 6 
P647	455 2 4 6 
P647	534 0 1 3 5 
P648	6 5 0 2 
P648	41 1 3 4 6 
P649	487 2 4 6 
P649	520 0 1 3 5 
P650	88 7 2 4 
P650	167 0 1 3 5 6 
P651	493 7 2 4 
P651	555 0 1 3 5 6 
P652	465 5 0 2 
P652	470 1 3 4 6 
P653	307 5 0 2 
P653	376 1 3 4 6 
P654	134 3 5 0 
P654	191 1 2 4 6 
P655	498 4 6 1 
P655	595 0 2 3 5 
P656	218 5 0 2 
P656	262 1 3 4 6 
P657	372 3 5 0 
P657	400 1 2 4 6 
P658	264 4 6 1 
P658	287 0 2 3 5 
P659	490 3 5 0 
P659	491 1 2 4 6 
P660	227 5 0 2 
P660	319 1 3 4 6 
P661	271 1 3 5 
P661	272 0 2 4 6 
P662	363 1 3 5 
P662	428 0 2 4 6 
P663	421 3 5 0 
P663	431 1 2 4 6 
P664	495 5 0 2 
P664	517 1 3 4 6 
P665	312 4 6 1 
P665	327 0 2 3 5 
P666	55 6 1 3 
P666	93 0 2 4 5 
P667	279 3 5 0 
P667	287 1 2 4 6 
P668	154 1 3 5 
P668	161 0 2 4 6 
P669	245 2 4 6 
P669	289 0 1 3 5 
P670	290 1 3 5 
P670	344 0 2 4 6 
P671	104 4 6 1 
P671	129 0 2 3 5 
P672	78 4 6 1 
P672	159 0 2 3 5 
P673	330 5 0 2 
P673	353 1 3 4 6 
P674	94 4 6 1 
P674	140 0 2 3 5 
P675	487 4 6 1 
P675	492 0 2 3 5 
P676	116 4 6 1 
P676	205 0 2 3 5 
P677	338 5 0 2 
P677	373 1 3 4 6 
P678	197 3 5 0 
P678	227 1 2 4 6 
P679	224 5 0 2 
P679	261 1 3 4 6 
P680	474 1 3 5 
P680	546 0 2 4 6 
P681	293 6 1 3 
P681	327 0 2 4 5 
P682	61 5 0 2 
P682	67 1 3 4 6 
P683	184 6 1 3 
P683	266 0 2 4 5 
P684	119 1 3 5 
P684	151 0 2 4 6 
P685	184 5 0 2 
P685	263 1 3 4 6 
P686	283 4 6 1 
P686	319 0 2 3 5 
P687	125 4 6 1 
P687	162 0 2 3 5 
P688	28 4 6 1 
P688	105 0 2 3 5 
P689	237 1 3 5 
P689	293 0 2 4 6 
P690	295 3 5 0 
P690	296 1 2 4 6 
P691	293 3 5 0 
P691	329 1 2 4 6 
P692	80 1 3 5 
P692	87 0 2 4 6 
P693	184 5 0 2 
P693	203 1 3 4 6 
P694	290 2 4 6 
P694	331 0 1 3 5 
P695	351 7 2 4 
P695	441 0 1 3 5 6 
P696	474 1 3 5 
P696	565 0 2 4 6 
P697	189 3 5 0 
P697	279 1 2 4 6 
P698	239 5 0 2 
P698	292 1 3 4 6 
P699	63 7 2 4 
P699	66 0 1 3 5 6 
P700	5 6 1 3 
P700	84 0 2 4 5 
P701	195 1 3 5 
P701	263 0 2 4 6 
P702	498 7 2 4 
P702	537 0 1 3 5 6 
P703	15 7 2 4 
P703	108 0 1 3 5 6 
P704	326 1 3 5 
P704	364 0 2 4 6 
P705	328 3 5 0 
P705	427 1 2 4 6 
P706	478 6 1 3 
P706	501 0 2 4 5 
P707	443 6 1 3 
P707	486 0 2 4 5 
P708	349 1 3 5 
P708	356 0 2 4 6 
P709	2 5 0 2 
P709	89 1 3 4 6 
P710	346 2 4 6 
P710	383 0 1 3 5 
P711	413 5 0 2 
P711	429 1 3 4 6 
P712	190 3 5 0 
P712	225 1 2 4 6 
P713	126 7 2 4 
P713	203 0 1 3 5 6 
P714	382 4 6 1 
P714	471 0 2 3 5 
P715	205 1 3 5 
P715	268 0 2 4 6 
P716	222 3 5 0 
P716	288 1 2 4 6 
P717	360 5 0 2 
P717	448 1 3 4 6 
P718	311 1 3 5 
P718	378 0 2 4 6 
P719	425 2 4 6 
P719	514 0 1 3 5 
P720	42 2 4 6 
P720	89 0 1 3 5 
P721	2 1 3 5 
P721	101 0 2 4 6 
P722	23 7 2 4 
P722	26 0 1 3 5 6 
P723	48 3 5 0 
P723	118 1 2 4 6 
P724	136 2 4 6 
P724	203 0 1 3 5 
P725	456 5 0 2 
P725	487 1 3 4 6 
P726	462 3 5 0 
P726	537 1 2 4 6 
P727	56 7 2 4 
P727	151 0 1 3 5 6 
P728	44 2 4 6 
P728	47 0 1 3 5 
P729	388 2 4 6 
P729	438 0 1 3 5 
P730	319 1 3 5 
P730	410 0 2 4 6 
P731	383 5 0 2 
P731	458 1 3 4 6 
P732	142 1 3 5 
P732	142 0 2 4 6 
P733	454 4 6 1 
P733	539 0 2 3 5 
P734	257 1 3 5 
P734	350 0 2 4 6 
P735	490 3 5 0 
P735	540 1 2 4 6 
P736	233 6 1 3 
P736	304 0 2 4 5 
P737	111 7 2 4 
P737	149 0 1 3 5 6 
P738	141 5 0 2 
P738	188 1 3 4 6 
P739	352 6 1 3 
P739	431 0 2 4 5 
P740	302 1 3 5 
P740	392 0 2 4 6 
P741	2 1 3 5 
P741	24 0 2 4 6 
P742	395 4 6 1 
P742	403 0 2 3 5 
P743	361 6 1 3 
P743	455 0 2 4 5 
P744	199 5 0 2 
P744	277 1 3 4 6 
P745	42 5 0 2 
P745	83 1 3 4 6 
P746	347 1 3 5 
P746	392 0 2 4 6 
P747	380 1 3 5 
P747	444 0 2 4 6 
P748	210 7 2 4 
P748	295 0 1 3 5 6 
P749	73 2 4 6 
P749	135 0 1 3 5 
P750	203 5 0 2 
P750	272 1 3 4 6 
P751	154 2 4 6 
P751	206 0 1 3 5 
P752	74 5 0 2 
P752	104 1 3 4 6 
P753	244 2 4 6 
P753	293 0 1 3 5 
P754	118 7 2 4 
P754	181 0 1 3 5 6 
P755	52 4 6 1 
P755	122 0 2 3 5 
P756	231 7 2 4 
P756	242 0 1 3 5 6 
P757	369 7 2 4 
P757	467 0 1 3 5 6 
P758	103 4 6 1 
P758	182 0 2 3 5 
P759	53 3 5 0 
P759	75 1 2 4 6 
P760	88 3 5 0 
P760	122 1 2 4 6 
P761	350 6 1 3 
P761	390 0 2 4 5 
P762	411 1 3 5 
P762	462 0 2 4 6 
P763	80 1 3 5 
P763	96 0 2 4 6 
P764	376 6 1 3 
P764	396 0 2 4 5 
P765	115 5 0 2 
P765	213 1 3 4 6 
P766	179 3 5 0 
P766	236 1 2 4 6 
P767	383 4 6 1 
P767	385 0 2 3 5 
P768	262 3 5 0 
P768	332 1 2 4 6 
P769	22 6 1 3 
P769	63 0 2 4 5 
P770	186 7 2 4 
P770	203 0 1 3 5 6 
P771	217 3 5 0 
P771	315 1 2 4 6 
P772	267 4 6 1 
P772	332 0 2 3 5 
P773	389 3 5 0 
P773	408 1 2 4 6 
P774	81 2 4 6 
P774	111 0 1 3 5 
P775	28 5 0 2 
P775	117 1 3 4 6 
P776	152 4 6 1 
P776	224 0 2 3 5 
P777	364 3 5 0 
P777	459 1 2 4 6 
P778	428 2 4 6 
P778	518 0 1 3 5 
P779	110 5 0 2 
P779	181 1 3 4 6 
P780	236 6 1 3 
P780	279 0 2 4 5 
P781	340 5 0 2 
P781	377 1 3 4 6 
P782	393 7 2 4 
P782	467 0 1 3 5 6 
P783	493 6 1 3 
P783	496 0 2 4 5 
P784	461 3 5 0 
P784	523 1 2 4 6 
P785	307 5 0 2 
P785	358 1 3 4 6 
P786	423 1 3 5 
P786	440 0 2 4 6 
P787	140 4 6 1 
P787	206 0 2 3 5 
P788	383 2 4 6 
P788	442 0 1 3 5 
P789	245 3 5 0 
P789	296 1 2 4 6 
P790	265 2 4 6 
P790	305 0 1 3 5 
P791	209 7 2 4 
P791	292 0 1 3 5 6 
P792	250 6 1 3 
P792	271 0 2 4 5 
P793	175 6 1 3 
P793	262 0 2 4 5 
P794	271 4 6 1 
P794	370 0 2 3 5 
P795	4 4 6 1 
P795	42 0 2 3 5 
P796	200 6 1 3 
P796	261 0 2 4 5 
P797	118 3 5 0 
P797	158 1 2 4 6 
P798	328 2 4 6 
P798	350 0 1 3 5 
P799	398 2 4 6 
P799	496 0 1 3 5 
P800	435 3 5 0 
P800	449 1 2 4 6 
P801	67 7 2 4 
P801	163 0 1 3 5 6 
P802	161 5 0 2 
P802	199 1 3 4 6 
P803	170 1 3 5 
P803	246 0 2 4 6 
P804	55 5 0 2 
P804	126 1 3 4 6 
P805	260 6 1 3 
P805	318 0 2 4 5 
P806	433 7 2 4 
P806	498 0 1 3 5 6 
P807	226 1 3 5 
P807	260 0 2 4 6 
P808	259 6 1 3 
P808	307 0 2 4 5 
P809	273 5 0 2 
P809	366 1 3 4 6 
P810	433 3 5 0 
P810	436 1 2 4 6 
P811	190 2 4 6 
P811	284 0 1 3 5 
P812	168 1 3 5 
P812	266 0 2 4 6 
P813	489 3 5 0 
P813	568 1 2 4 6 
P814	147 6 1 3 
P814	178 0 2 4 5 
P815	169 6 1 3 
P815	267 0 2 4 5 
P816	449 6 1 3 
P816	548 0 2 4 5 
P817	123 2 4 6 
P817	154 0 1 3 5 
P818	154 7 2 4 
P818	188 0 1 3 5 6 
P819	385 7 2 4 
P819	401 0 1 3 5 6 
P820	393 3 5 0 
P820	459 1 2 4 6 
P821	453 6 1 3 
P821	476 0 2 4 5 
P822	184 7 2 4 
P822	251 0 1 3 5 6 
P823	48 4 6 1 
P823	78 0 2 3 5 
P824	311 5 0 2 
P824	401 1 3 4 6 
P825	427 7 2 4 
P825	431 0 1 3 5 6 
P826	99 4 6 1 
P826	194 0 2 3 5 
P827	6 7 2 4 
P827	95 0 1 3 5 6 
P828	358 6 1 3 
P828	447 0 2 4 5 
P829	447 6 1 3 
P829	465 0 2 4 5 
P830	364 7 2 4 
P830	390 0 1 3 5 6 
P831	89 5 0 2 
P831	155 1 3 4 6 
P832	412 2 4 6 
P832	482 0 1 3 5 
P833	176 7 2 4 
P833	217 0 1 3 5 6 
P834	486 5 0 2 
P834	495 1 3 4 6 
P835	187 1 3 5 
P835	272 0 2 4 6 
P836	390 3 5 0 
P836	476 1 2 4 6 
P837	255 7 2 4 
P837	283 0 1 3 5 6 
P838	2 2 4 6 
P838	64 0 1 3 5 
P839	424 3 5 0 
P839	496 1 2 4 6 
P840	332 2 4 6 
P840	360 0 1 3 5 
P841	146 2 4 6 
P841	224 0 1 3 5 
P842	383 6 1 3 
P842	448 0 2 4 5 
P843	260 6 1 3 
P843	338 0 2 4 5 
P844	321 3 5 0 
P844	341 1 2 4 6 
P845	427 1 3 5 
P845	461 0 2 4 6 
P846	251 3 5 0 
P846	287 1 2 4 6 
P847	334 2 4 6 
P847	371 0 1 3 5 
P848	310 4 6 1 
P848	400 0 2 3 5 
P849	356 1 3 5 
P849	436 0 2 4 6 
P850	435 2 4 6 
P850	517 0 1 3 5 
P851	325 1 3 5 
P851	398 0 2 4 6 
P852	212 4 6 1 
P852	310 0 2 3 5 
P853	405 2 4 6 
P853	422 0 1 3 5 
P854	192 3 5 0 
P854	239 1 2 4 6 
P855	446 1 3 5 
P855	477 0 2 4 6 
P856	115 7 2 4 
P856	173 0 1 3 5 6 
P857	329 7 2 4 
P857	423 0 1 3 5 6 
P858	199 4 6 1 
P858	271 0 2 3 5 
P859	175 2 4 6 
P859	247 0 1 3 5 
P860	273 3 5 0 
P860	311 1 2 4 6 
P861	397 1 3 5 
P861	405 0 2 4 6 
P862	203 3 5 0 
P862	228 1 2 4 6 
P863	134 2 4 6 
P863	212 0 1 3 5 
P864	382 3 5 0 
P864	418 1 2 4 6 
P865	478 6 1 3 
P865	516 0 2 4 5 
P866	221 4 6 1 
P866	284 0 2 3 5 
P867	177 2 4 6 
P867	201 0 1 3 5 
P868	481 2 4 6 
P868	542 0 1 3 5 
P869	362 1 3 5 
P869	410 0 2 4 6 
P870	95 6 1 3 
P870	111 0 2 4 5 
P871	137 2 4 6 
P871	230 0 1 3 5 
P872	284 5 0 2 
P872	343 1 3 4 6 
P873	321 3 5 0 
P873	364 1 2 4 6 
P874	168 3 5 0 
P874	187 1 2 4 6 
P875	357 5 0 2 
P875	448 1 3 4 6 
P876	264 7 2 4 
P876	279 0 1 3 5 6 
P877	72 3 5 0 
P877	113 1 2 4 6 
P878	215 4 6 1 
P878	251 0 2 3 5 
P879	457 5 0 2 
P879	457 1 3 4 6 
P880	452 5 0 2 
P880	493 1 3 4 6 
P881	329 3 5 0 
P881	356 1 2 4 6 
P882	298 6 1 3 
P882	322 0 2 4 5 
P883	274 4 6 1 
P883	359 0 2 3 5 
P884	38 5 0 2 
P884	100 1 3 4 6 
P885	129 3 5 0 
P885	138 1 2 4 6 
P886	378 1 3 5 
P886	463 0 2 4 6 
P887	400 2 4 6 
P887	493 0 1 3 5 
P888	105 5 0 2 
P888	170 1 3 4 6 
P889	267 1 3 5 
P889	344 0 2 4 6 
P890	284 5 0 2 
P890	374 1 3 4 6 
P891	334 7 2 4 
P891	355 0 1 3 5 6 
P892	85 1 3 5 
P892	175 0 2 4 6 
P893	42 2 4 6 
P893	128 0 1 3 5 
P894	18 5 0 2 
P894	42 1 3 4 6 
P895	97 6 1 3 
P895	151 0 2 4 5 
P896	169 7 2 4 
P896	196 0 1 3 5 6 
P897	493 1 3 5 
P897	559 0 2 4 6 
P898	102 3 5 0 
P898	102 1 2 4 6 
P899	319 4 6 1 
P899	409 0 2 3 5 
P900	484 2 4 6 
P900	540 0 1 3 5 
P901	308 6 1 3 
P901	386 0 2 4 5 
P902	314 5 0 2 
P902	353 1 3 4 6 
P903	74 3 5 0 
P903	101 1 2 4 6 
P904	54 1 3 5 
P904	95 0 2 4 6 
P905	298 7 2 4 
P905	300 0 1 3 5 6 
P906	321 5 0 2 
P906	367 1 3 4 6 
P907	56 2 4 6 
P907	89 0 1 3 5 
P908	208 1 3 5 
P908	241 0 2 4 6 
P909	186 7 2 4 
P909	271 0 1 3 5 6 
P910	142 6 1 3 
P910	202 0 2 4 5 
P911	161 2 4 6 
P911	204 0 1 3 5 
P912	78 5 0 2 
P912	91 1 3 4 6 
P913	63 7 2 4 
P913	97 0 1 3 5 6 
P914	415 6 1 3 
P914	476 0 2 4 5 
P915	12 6 1 3 
P915	71 0 2 4 5 
P916	251 7 2 4 
P916	321 0 1 3 5 6 
P917	124 6 1 3 
P917	131 0 2 4 5 
P918	84 4 6 1 
P918	85 0 2 3 5 
P919	489 4 6 1 
P919	530 0 2 3 5 
P920	290 4 6 1 
P920	302 0 2 3 5 
P921	355 5 0 2 
P921	448 1 3 4 6 
P922	472 7 2 4 
P922	548 0 1 3 5 6 
P923	43 3 5 0 
P923	109 1 2 4 6 
P924	151 2 4 6 
P924	179 0 1 3 5 
P925	32 3 5 0 
P925	101 1 2 4 6 
P926	3 5 0 2 
P926	10 1 3 4 6 
P927	392 2 4 6 
P927	445 0 1 3 5 
P928	392 3 5 0 
P928	411 1 2 4 6 
P929	472 7 2 4 
P929	566 0 1 3 5 6 
P930	5 7 2 4 
P930	88 0 1 3 5 6 
P931	262 4 6 1 
P931	269 0 2 3 5 
P932	38 7 2 4 
P932	109 0 1 3 5 6 
P933	171 5 0 2 
P933	218 1 3 4 6 
P934	14 6 1 3 
P934	43 0 2 4 5 
P935	489 5 0 2 
P935	576 1 3 4 6 
P936	256 5 0 2 
P936	326 1 3 4 6 
P937	239 3 5 0 
P937	261 1 2 4 6 
P938	283 6 1 3 
P938	336 0 2 4 5 
P939	205 2 4 6 
P939	264 0 1 3 5 
P940	386 6 1 3 
P940	415 0 2 4 5 
P941	42 3 5 0 
P941	87 1 2 4 6 
P942	356 5 0 2 
P942	408 1 3 4 6 
P943	154 3 5 0 
P943	187 1 2 4 6 
P944	260 5 0 2 
P944	291 1 3 4 6 
P945	238 2 4 6 
P945	314 0 1 3 5 
P946	98 4 6 1 
P946	118 0 2 3 5 
P947	53 5 0 2 
P947	122 1 3 4 6 
P948	216 7 2 4 
P948	258 0 1 3 5 6 
P949	7 1 3 5 
P949	67 0 2 4 6 
P950	447 4 6 1 
P950	477 0 2 3 5 
P951	217 7 2 4 
P951	293 0 1 3 5 6 
P952	314 2 4 6 
P952	331 0 1 3 5 
P953	334 6 1 3 
P953	405 0 2 4 5 
P954	292 5 0 2 
P954	346 1 3 4 6 
P955	366 1 3 5 
P955	430 0 2 4 6 
P956	275 2 4 6 
P956	287 0 1 3 5 
P957	100 6 1 3 
P957	176 0 2 4 5 
P958	379 3 5 0 
P958	456 1 2 4 6 
P959	289 5 0 2 
P959	374 1 3 4 6 
P960	272 4 6 1 
P960	316 0 2 3 5 
P961	61 7 2 4 
P961	65 0 1 3 5 6 
P962	446 5 0 2 
P962	454 1 3 4 6 
P963	157 3 5 0 
P963	180 1 2 4 6 
P964	464 1 3 5 
P964	510 0 2 4 6 
P965	337 1 3 5 
P965	355 0 2 4 6 
P966	111 4 6 1 
P966	202 0 2 3 5 
P967	332 6 1 3 
P967	393 0 2 4 5 
P968	491 4 6 1 
P968	521 0 2 3 5 
P969	498 3 5 0 
P969	589 1 2 4 6 
P970	400 5 0 2 
P970	417 1 3 4 6 
P971	317 7 2 4 
P971	412 0 1 3 5 6 
P972	441 1 3 5 
P972	508 0 2 4 6 
P973	28 3 5 0 
P973	37 1 2 4 6 
P974	473 6 1 3 
P974	476 0 2 4 5 
P975	69 6 1 3 
P975	152 0 2 4 5 
P976	367 3 5 0 
P976	369 1 2 4 6 
P977	230 1 3 5 
P977	311 0 2 4 6 
P978	67 2 4 6 
P978	133 0 1 3 5 
P979	187 5 0 2 
P979	264 1 3 4 6 
P980	245 5 0 2 
P980	283 1 3 4 6 
P981	171 4 6 1 
P981	186 0 2 3 5 
P982	92 5 0 2 
P982	149 1 3 4 6 
P983	405 5 0 2 
P983	476 1 3 4 6 
P984	80 5 0 2 
P984	110 1 3 4 6 
P985	175 3 5 0 
P985	265 1 2 4 6 
P986	377 2 4 6 
P986	463 0 1 3 5 
P987	104 3 5 0 
P987	135 1 2 4 6 
P988	244 3 5 0 
P988	254 1 2 4 6 
P989	218 5 0 2 
P989	277 1 3 4 6 
P990	427 1 3 5 
P990	446 0 2 4 6 
P991	479 2 4 6 
P991	479 0 1 3 5 
P992	396 5 0 2 
P992	454 1 3 4 6 
P993	330 3 5 0 
P993	336 1 2 4 6 
P994	349 1 3 5 
P994	421 0 2 4 6 
P995	160 3 5 0 
P995	214 1 2 4 6 
P996	333 7 2 4 
P996	362 0 1 3 5 6 
P997	471 6 1 3 
P997	530 0 2 4 5 
P998	241 1 3 5 
P998	329 0 2 4 6 
P999	366 1 3 5 
P999	451 0 2 4 6 
